# l E1 E2 E3 E4
 0.000000000000  0.469218537052  1.365173062898  1.938042980981  3.271038278721
 0.010000000000  0.468297751581  1.330856100633  1.855925294825  3.255626143711
 0.020000000000  0.467168471117  1.284139088995  1.783338044253  3.241988868255
 0.030000000000  0.465743181646  1.222533256315  1.723207272882  3.229836435417
 0.040000000000  0.463878181350  1.145622208816  1.676386443184  3.218930304285
 0.050000000000  0.461321142363  1.055376727362  1.641403386869  3.209074596752
 0.060000000000  0.457589217795  0.955129959075  1.615615239672  3.200108306683
 0.070000000000  0.451649444510  0.848665729619  1.596446694535  3.191898725971
 0.080000000000  0.440960916115  0.740661329024  1.581910795520  3.184336042778
 0.090000000000  0.418434802177  0.639722472366  1.570618641913  3.177328969608
 0.100000000000  0.367281232757  0.563688336416  1.561631254331  3.170801233547
 0.110000000000  0.276623535790  0.524165079058  1.554314872215  3.164688768862
 0.120000000000  0.161492959512  0.506638343237  1.548236191293  3.158937472970
 0.130000000000  0.035502338347  0.497870620240  1.543093326223  3.153501410400
 0.140000000000 -0.095986882082  0.492780077824  1.538671573317  3.148341371594
 0.150000000000 -0.230874507365  0.489480063634  1.534815085963  3.143423712413
 0.160000000000 -0.368189420002  0.487166350808  1.531408532420  3.138719415885
 0.170000000000 -0.507407799895  0.485448321048  1.528365019996  3.134203330313
 0.180000000000 -0.648211092587  0.484115764593  1.525617996827  3.129853547707
 0.190000000000 -0.790387206400  0.483046220739  1.523115718521  3.125650894325
 0.200000000000 -0.933784939358  0.482163764936  1.520817397960  3.121578511107
 0.210000000000 -1.078290733932  0.481418917850  1.518690479594  3.117621506497
 0.220000000000 -1.223815803033  0.480778094574  1.516708678280  3.113766667835
 0.230000000000 -1.370288500432  0.480217715002  1.514850546715  3.110002220316
 0.240000000000 -1.517649538324  0.479720744844  1.513098414206  3.106317624766
 0.250000000000 -1.665848845749  0.479274575249  1.511437590184  3.102703407243
 0.260000000000 -1.814843421909  0.478869674660  1.509855759165  3.099151014810
 0.270000000000 -1.964595819414  0.478498704159  1.508342515925  3.095652692962
 0.280000000000 -2.115073041549  0.478155920825  1.506889004644  3.092201380991
 0.290000000000 -2.266245720554  0.477836765498  1.505487636059  3.088790622322
 0.300000000000 -2.418087492094  0.477537571786  1.504131863662  3.085414487348
 0.310000000000 -2.570574510111  0.477255356732  1.502816005196  3.082067506755
 0.320000000000 -2.723685064317  0.476987667615  1.501535099068  3.078744613678
 0.330000000000 -2.877399274208  0.476732468087  1.500284788012  3.075441093318
 0.340000000000 -3.031698841083  0.476488052358  1.499061224163  3.072152538873
 0.350000000000 -3.186566844792  0.476252979694  1.497860991058  3.068874812834
 0.360000000000 -3.341987575272  0.476026023834  1.496681039167  3.065604012848
 0.370000000000 -3.497946391750  0.475806133491  1.495518632259  3.062336441481
 0.380000000000 -3.654429603934  0.475592401222  1.494371302535  3.059068579302
 0.390000000000 -3.811424371009  0.475384038661  1.493236812867  3.055797060833
 0.400000000000 -3.968918615209  0.475180356629  1.492113124879  3.052518652925
 0.410000000000 -4.126900947256  0.474980749067  1.490998371783  3.049230235247
 0.420000000000 -4.285360601761  0.474784679919  1.489890835165  3.045928782554
 0.430000000000 -4.444287380871  0.474591672387  1.488788925050  3.042611348519
 0.440000000000 -4.603671604887  0.474401300036  1.487691162661  3.039275050845
 0.450000000000 -4.763504068749  0.474213179412  1.486596165490  3.035917057544
 0.460000000000 -4.923776003561  0.474026963854  1.485502634231  3.032534574139
 0.470000000000 -5.084479042385  0.473842338304  1.484409341344  3.029124831697
 0.480000000000 -5.245605189740  0.473659014898  1.483315120956  3.025685075516
 0.490000000000 -5.407146794295  0.473476729213  1.482218859895  3.022212554385
 0.500000000000 -5.569096524334  0.473295237087  1.481119489712  3.018704510316
 0.510000000000 -5.731447345635  0.473114311845  1.480015979476  3.015158168610
 0.520000000000 -5.894192501480  0.472933741922  1.478907329297  3.011570728224
 0.530000000000 -6.057325494524  0.472753328790  1.477792564392  3.007939352330
 0.540000000000 -6.220840070303  0.472572885153  1.476670729679  3.004261159016
 0.550000000000 -6.384730202210  0.472392233348  1.475540884737  3.000533212038
 0.560000000000 -6.548990077760  0.472211203941  1.474402099138  2.996752511581
 0.570000000000 -6.713614086004  0.472029634467  1.473253448038  2.992915984968
 0.580000000000 -6.878596805979  0.471847368317  1.472094007999  2.989020477250
 0.590000000000 -7.043932996073  0.471664253718  1.470922852991  2.985062741630
 0.600000000000 -7.209617584244  0.471480142820  1.469739050515  2.981039429676
 0.610000000000 -7.375645658944  0.471294890838  1.468541657832  2.976947081254
 0.620000000000 -7.542012460765  0.471108355300  1.467329718242  2.972782114148
 0.630000000000 -7.708713374657  0.470920395298  1.466102257381  2.968540813303
 0.640000000000 -7.875743922735  0.470730870828  1.464858279522  2.964219319657
 0.650000000000 -8.043099757554  0.470539642130  1.463596763819  2.959813618495
 0.660000000000 -8.210776655880  0.470346569085  1.462316660484  2.955319527285
 0.670000000000 -8.378770512846  0.470151510611  1.461016886862  2.950732682958
 0.680000000000 -8.547077336512  0.469954324083  1.459696323363  2.946048528540
 0.690000000000 -8.715693242779  0.469754864765  1.458353809247  2.941262299156
 0.700000000000 -8.884614450604  0.469552985235  1.456988138179  2.936369007284
 0.710000000000 -9.053837277531  0.469348534816  1.455598053573  2.931363427255
 0.720000000000 -9.223358135486  0.469141358995  1.454182243667  2.926240078953
 0.730000000000 -9.393173526825  0.468931298836  1.452739336275  2.920993210648
 0.740000000000 -9.563280040614  0.468718190369  1.451267893190  2.915616780918
 0.750000000000 -9.733674349128  0.468501863956  1.449766404200  2.910104439665
 0.760000000000 -9.904353204537  0.468282143641  1.448233280651  2.904449508138
 0.770000000000 -10.075313435778  0.468058846447  1.446666848515  2.898644957981
 0.780000000000 -10.246551945632  0.467831781655  1.445065340892  2.892683389252
 0.790000000000 -10.418065707889  0.467600750022  1.443426889889  2.886557007461
 0.800000000000 -10.589851764753  0.467365542960  1.441749517808  2.880257599581
 0.810000000000 -10.761907224295  0.467125941641  1.440031127552  2.873776509122
 0.820000000000 -10.934229258100  0.466881716047  1.438269492147  2.867104610264
 0.830000000000 -11.106815098990  0.466632623942  1.436462243324  2.860232281195
 0.840000000000 -11.279662038915  0.466378409754  1.434606858995  2.853149376746
 0.850000000000 -11.452767426870  0.466118803362  1.432700649532  2.845845200466
 0.860000000000 -11.626128666990  0.465853518779  1.430740742687  2.838308476413
 0.870000000000 -11.799743216683  0.465582252708  1.428724067022  2.830527320905
 0.880000000000 -11.973608584876  0.465304682955  1.426647333621  2.822489214579
 0.890000000000 -12.147722330334  0.465020466704  1.424507015950  2.814180975254
 0.900000000000 -12.322082060053  0.464729238597  1.422299327552  2.805588732086
 0.910000000000 -12.496685427746  0.464430608630  1.420020197411  2.796697901760
 0.920000000000 -12.671530132358  0.464124159824  1.417665242615  2.787493167473
 0.930000000000 -12.846613916689  0.463809445636  1.415229738039  2.777958461715
 0.940000000000 -13.021934566029  0.463485987098  1.412708582650  2.768076954021
 0.950000000000 -13.197489906914  0.463153269609  1.410096262025  2.757831045051
 0.960000000000 -13.373277805869  0.462810739385  1.407386806584  2.747202368589
 0.970000000000 -13.549296168248  0.462457799464  1.404573745031  2.736171803379
 0.980000000000 -13.725542937095  0.462093805245  1.401650052349  2.724719496866
 0.990000000000 -13.902016092076  0.461718059463  1.398608091693  2.712824903339
 1.000000000000 -14.078713648435  0.461329806541  1.395439549376  2.700466839192
